0.400534226
1.498674408
14.46537147
3.060399026
9.222140776
1.262513515
3.30812166
0.69791002
0.07689198
0.963003345
0.499849488
2.192244423
4.749742908
3.707181526
2.206904
4.413672051
19.71944696
5.152940569
0.764151905
6.603449586
10.14134922
0.951238614
5.182060304
1.933217946
14.81000702
1.656864529
0.421675477
5.598228391
2.369443996
0.840166402
11.40037661
1.138288142
3.527539632
12.48988097
4.898038556
11.0591838
14.77749968
5.854041983
4.234872997
11.31867206
5.308117639
3.842406516
0.780490746
2.41753247
0.190000944
0.333795223
3.041912509
1.323477352
7.173456817
1.264371691
4.894293026
13.33583981
1.101675501
0.480404112
0.836713633
1.398642654
2.361718279
1.490660248
1.283372575
6.884071681
8.877502296
1.480546343
1.660498834
2.76375595
18.18089277
3.667186614
3.040072577
0.873824793
7.682872749
9.682925541
0.397458493
1.460301252
16.71276172
0.251297024
8.276538565
0.877510726
10.51393242
4.117065363
0.673701972
1.878800033
0.095023073
2.754837656
2.842262892
1.521033702
1.195722127
0.936611356
5.245393022
0.957123202
6.480892544
3.15434115
4.333186291
7.261867285
7.299873483
2.19929789
1.916249368
2.701712797
14.94897036
0.682223236
0.723171125
1.147661951
