2.150625912
7.549858358
2.817354251
8.283917295
3.300364095
7.475484871
2.67038355
3.510876085
2.861124214
2.650879799
7.761719268
7.778429505
2.406600161
8.431658431
2.524869199
3.749334751
2.954796605
3.08181272
2.891717797
8.310571939
8.251209933
3.106328018
7.05042309
2.336655749
2.809190593
2.940776811
8.550998737
8.258794202
3.414656545
3.621892883
2.690061952
3.739379734
2.968765134
9.436026308
3.380646204
3.101884427
2.899392938
7.722512801
2.900227142
3.110293245
8.390720962
8.20145911
2.917599325
2.839688539
8.50698848
3.213073348
2.810564102
2.542924741
2.946485337
8.131191952
7.257260717
2.793569615
8.023428274
2.836250883
3.517925993
2.873320019
9.245677092
3.125252774
3.212607391
3.347823734
3.607945425
2.677090321
7.059825821
3.625195349
8.412813991
2.907523063
3.044796363
3.53459554
3.068495487
3.168569096
2.628691878
6.413474687
2.772725157
3.611750221
2.896747799
7.815148113
2.875572974
3.530881461
2.618513823
9.515013296
7.495204503
2.868183059
8.696918861
2.683642101
2.732428021
3.106172359
2.844240978
7.608892843
2.977833385
2.799467075
3.094107532
3.235043724
2.767809121
3.043248919
2.838704178
2.935700364
8.21421212
7.688185722
3.064327361
2.969164682
