10.11772812
6.001471679
63.76658169
37.42936208
35.88367196
9.026929499
3.970720948
16.16580615
13.22710005
9.497385916
11.63882461
28.39648631
2.98774928
6.666271895
5.709281922
18.98332685
5.87521888
18.62778278
18.03650249
37.640866
32.62573414
1.10807227
7.123554162
5.669663318
104.5821203
0.141294822
14.07279367
2.747650858
6.601407736
23.93010499
13.52308762
27.35400867
9.9955101
43.16462889
50.57205446
24.25230574
7.652150903
11.6761768
10.39901658
33.02784175
36.00868367
16.98471332
0.916923859
5.996278401
5.819852137
6.227974019
3.859392425
23.98038056
11.8673979
6.084110329
3.287088012
13.01567941
3.871342791
56.03788997
9.685131036
10.41999639
45.38043213
17.09446332
5.268578837
9.124849793
0.435107227
38.71201347
17.82862558
12.61129752
18.00316891
35.15811777
3.934850474
30.67588556
41.98917053
6.91753879
18.54597061
8.240647781
5.773370459
4.850352828
5.58765952
23.81168869
1.595393698
41.8840954
41.0797037
12.08412815
62.39242454
8.583587977
27.69680793
46.18154757
39.59896067
9.343757001
17.13351595
9.921204412
4.2398529
40.64898206
7.180094202
6.347376617
22.72051743
2.367647249
7.931047292
28.08929505
12.86941146
1.800393438
83.83704112
29.53900725
