2.150625912
2.817354251
3.300364095
2.67038355
3.510876085
2.861124214
2.650879799
2.406600161
2.524869199
3.749334751
2.954796605
3.08181272
2.891717797
3.106328018
2.336655749
2.809190593
2.940776811
3.414656545
3.621892883
2.690061952
3.739379734
2.968765134
3.380646204
3.101884427
2.899392938
2.900227142
3.110293245
2.917599325
2.839688539
3.213073348
2.810564102
2.542924741
2.946485337
2.793569615
2.836250883
3.517925993
2.873320019
3.125252774
3.212607391
3.347823734
3.607945425
2.677090321
3.625195349
2.907523063
3.044796363
3.53459554
3.068495487
3.168569096
2.628691878
2.772725157
3.611750221
2.896747799
2.875572974
3.530881461
2.618513823
2.868183059
2.683642101
2.732428021
3.106172359
2.844240978
2.977833385
2.799467075
3.094107532
3.235043724
2.767809121
3.043248919
2.838704178
2.935700364
3.064327361
2.969164682
